index,上半身_x,上半身_y,上半身_z,下半身_x,下半身_y,下半身_z,首_x,首_y,首_z,頭_x,頭_y,頭_z,左肩_x,左肩_y,左肩_z,左腕_x,左腕_y,左腕_z,左ひじ_x,左ひじ_y,左ひじ_z,右肩_x,右肩_y,右肩_z,右腕_x,右腕_y,右腕_z,右ひじ_x,右ひじ_y,右ひじ_z
0.0,-9.180277824401855,-21.728899002075195,-11.253922462463379,-18.42768096923828,-17.715652465820312,-16.825355529785156,36.85685729980469,10.248939514160156,45.12443161010742,-2.1131227016448975,82.56951904296875,-13.853372573852539,-0.546284019947052,1.5469437837600708,4.729231357574463,3.9165945053100586,1.4256855249404907,-57.088172912597656,15.157079696655273,27.94595718383789,3.7922141551971436,-0.943658709526062,12.060009956359863,-0.4117068946361542,-28.29353904724121,-41.82969284057617,28.36865234375,26.105361938476562,-122.0356216430664,-45.423622131347656
1.0,-7.1968994140625,-7.212549209594727,-9.491507530212402,-12.604116439819336,-2.0174317359924316,-14.840799331665039,23.46179962158203,6.815716743469238,43.55571746826172,-7.25297212600708,64.56146240234375,-6.814327239990234,-0.8062664270401001,-0.4061375856399536,9.034026145935059,1.5806149244308472,25.788991928100586,-47.60146713256836,18.56233787536621,35.51690673828125,5.991942882537842,-1.5391438007354736,9.034557342529297,-0.17439432442188263,-24.76222038269043,-48.58700180053711,25.24504280090332,26.72294807434082,-119.42884063720703,-44.26382064819336
2.0,-17.51621437072754,7.981810569763184,-11.489679336547852,-10.050857543945312,10.44408130645752,-11.146981239318848,-7.630303859710693,9.50030517578125,5.74655818939209,13.171791076660156,0.9047059416770935,19.10271453857422,21.857412338256836,2.9481570720672607,16.105701446533203,0.18768368661403656,64.6893539428711,-34.31739044189453,30.02941131591797,89.94782257080078,30.003293991088867,19.57195281982422,12.955328941345215,11.267822265625,-2.7066810131073,-45.817073822021484,41.51179122924805,28.404212951660156,-110.67950439453125,-40.20859146118164
3.0,-16.364229202270508,2.3543593883514404,-11.053125381469727,-13.048961639404297,7.440046787261963,-12.549944877624512,-4.324416637420654,10.397126197814941,12.445822715759277,8.210062026977539,7.459843158721924,16.65958595275879,15.751166343688965,2.175602912902832,15.256634712219238,1.0562820434570312,64.50328063964844,-43.960205078125,30.02286148071289,88.6859130859375,29.371822357177734,13.854822158813477,11.62548542022705,8.14256477355957,-1.089800238609314,-41.16313171386719,31.91130256652832,25.92658805847168,-122.75035858154297,-45.73712158203125
4.0,-5.074234962463379,-10.667872428894043,-9.466209411621094,-11.378968238830566,-5.594571590423584,-14.769952774047852,25.786714553833008,8.074972152709961,46.14301300048828,-4.247506618499756,68.49634552001953,-9.051578521728516,1.7442563772201538,-0.025114690884947777,8.35685920715332,-1.8277441263198853,49.288246154785156,-47.36942672729492,19.84413719177246,38.63408660888672,7.017548084259033,1.0317556858062744,9.5635404586792,0.12501704692840576,-27.325138092041016,-50.38394546508789,25.962223052978516,25.522233963012695,-124.31078338623047,-46.41447448730469
5.0,-3.7647178173065186,-5.49118185043335,-9.493602752685547,-9.52570915222168,-1.0769765377044678,-14.227354049682617,21.385671615600586,6.805736064910889,43.361549377441406,-7.573739051818848,61.79572677612305,-7.299696445465088,3.8596913814544678,-0.31165018677711487,9.248692512512207,-7.115680694580078,66.96559143066406,-46.135746002197266,26.75348663330078,60.70636749267578,15.855826377868652,3.008840560913086,9.1829833984375,0.9877704381942749,-28.093313217163086,-54.457759857177734,25.85393714904785,25.34762191772461,-124.9625473022461,-46.69440841674805
6.0,-14.727558135986328,3.2312068939208984,-9.065485000610352,-9.677491188049316,7.753993034362793,-10.804115295410156,-7.963960647583008,8.137958526611328,10.287910461425781,12.83267593383789,5.189678192138672,16.97068214416504,22.18952178955078,1.6878079175949097,12.570582389831543,-6.458067417144775,65.44457244873047,-40.95412063598633,28.64586067199707,109.08689880371094,39.44800567626953,20.401430130004883,11.999223709106445,8.459274291992188,-4.016420364379883,-56.336463928222656,38.643524169921875,25.89970588684082,-122.85653686523438,-45.783538818359375
7.0,-12.44103717803955,-1.7068833112716675,-9.222338676452637,-10.983793258666992,2.944948673248291,-11.233231544494629,-0.5386125445365906,7.829481601715088,20.59787940979004,2.1015431880950928,18.198795318603516,14.492794036865234,16.048452377319336,1.3043816089630127,12.006444931030273,-0.7054568529129028,59.278350830078125,-44.63911437988281,28.2150821685791,111.84353637695312,40.76062774658203,14.790786743164062,10.609262466430664,3.92132830619812,-2.5672197341918945,-54.589378356933594,37.08426284790039,26.063459396362305,-122.20455932617188,-45.49790573120117
8.0,-9.912663459777832,-16.52180290222168,-9.90073299407959,-15.523211479187012,-10.611371040344238,-14.511180877685547,22.437911987304688,9.54257583618164,40.18418502807617,-4.806439399719238,60.01133346557617,-3.1395113468170166,-0.7484860420227051,0.9183394312858582,7.468104839324951,7.192440986633301,-0.19701381027698517,-54.642024993896484,21.415435791015625,42.72793960571289,8.460555076599121,-1.3117083311080933,10.606114387512207,-0.828528642654419,-22.89718246459961,-39.977020263671875,22.316020965576172,24.772144317626953,-127.02705383300781,-47.568946838378906
9.0,-2.183424234390259,-12.454598426818848,-16.271183013916016,-11.763725280761719,-8.643025398254395,-16.108938217163086,48.92298889160156,15.11833667755127,45.687591552734375,-6.1806182861328125,100.13997650146484,-31.316280364990234,-0.3073650896549225,0.9288918375968933,10.174532890319824,-18.44902229309082,-61.47964859008789,-71.50784301757812,29.254919052124023,75.70604705810547,22.931915283203125,-2.035341262817383,11.989105224609375,7.5336456298828125,-37.92134475708008,-43.230716705322266,25.994335174560547,27.326175689697266,-116.62985229492188,-42.99179458618164
10.0,-1.708924412727356,61.61056900024414,-7.069060325622559,-14.296226501464844,18.616992950439453,-10.17760181427002,40.614784240722656,-20.266063690185547,14.986249923706055,-48.09090042114258,92.6781997680664,-38.99529266357422,-25.63963508605957,0.09782489389181137,-4.518978595733643,32.11052322387695,78.38384246826172,11.707314491271973,29.279870986938477,75.93771362304688,23.045167922973633,-23.774934768676758,9.83905029296875,-19.22188377380371,12.589873313903809,-2.832446575164795,72.12248229980469,25.221643447875977,-54.5749397277832,-13.166869163513184
11.0,-6.994629383087158,70.3622055053711,-5.553205966949463,-12.494030952453613,31.558820724487305,-11.585606575012207,29.934490203857422,-19.99529457092285,13.174270629882812,-48.37415313720703,64.24071502685547,-18.447921752929688,-24.69111442565918,-1.3053531646728516,-3.3278582096099854,41.944732666015625,70.81932830810547,16.574459075927734,29.78111457824707,81.89988708496094,25.985885620117188,-22.998165130615234,7.950180530548096,-19.240983963012695,14.861763000488281,-4.1822357177734375,68.8799057006836,26.550851821899414,-59.8215217590332,-15.458915710449219
12.0,-3.8592593669891357,16.83576774597168,-13.783573150634766,-3.592695713043213,18.839441299438477,-13.784512519836426,16.42646598815918,9.44361686706543,17.684694290161133,-27.356273651123047,25.218294143676758,7.10274076461792,10.907672882080078,1.7353675365447998,19.70067024230957,21.501619338989258,51.30188751220703,-58.29804229736328,29.12430191040039,74.55078125,22.368459701538086,8.320878028869629,10.931808471679688,12.07755184173584,-20.927019119262695,-44.93578338623047,33.01430892944336,29.971710205078125,-86.0946273803711,-28.07613754272461
13.0,-16.66823387145996,2.5090291500091553,-7.990490913391113,-8.614943504333496,3.8920023441314697,-7.942546367645264,-25.180200576782227,8.829023361206055,-3.942800998687744,42.57621383666992,-5.550061225891113,10.398448944091797,19.625089645385742,0.7636028528213501,11.880382537841797,5.7092437744140625,50.58393096923828,-45.08427047729492,30.010164260864258,87.7439956665039,28.900630950927734,17.846500396728516,11.210860252380371,8.44602108001709,-3.289375066757202,-1.7163405418395996,39.03982162475586,24.461748123168945,-51.90708923339844,-12.045889854431152
14.0,-13.663339614868164,7.434078693389893,-7.247757911682129,-4.916766166687012,3.455817937850952,-8.194619178771973,-12.051846504211426,6.134439468383789,13.302332878112793,16.2846622467041,5.861884593963623,18.761730194091797,13.702763557434082,-1.2113357782363892,12.425868034362793,6.370040416717529,41.981163024902344,-42.94781494140625,29.906147003173828,95.70791625976562,32.882362365722656,12.078741073608398,8.653975486755371,6.697597980499268,-10.216769218444824,-11.88817024230957,42.29997253417969,27.265003204345703,-63.07272720336914,-16.930601119995117
15.0,-2.082033157348633,16.35643768310547,-5.94352912902832,-1.2784947156906128,17.270952224731445,-12.224905014038086,2.590380907058716,5.119870662689209,30.977108001708984,-7.932717323303223,29.830902099609375,3.066039562225342,7.18051815032959,-3.3478734493255615,12.662877082824707,5.768728256225586,5.399736404418945,-52.208858489990234,19.666397094726562,38.191036224365234,6.867785930633545,4.964181423187256,7.464171886444092,10.564656257629395,-37.36174011230469,-54.14677429199219,34.19968032836914,29.414196014404297,-77.25708770751953,-23.691801071166992
16.0,-4.476874828338623,31.36206817626953,-9.028891563415527,6.820082187652588,27.700489044189453,-15.471912384033203,2.728302001953125,6.712661266326904,33.29548263549805,-11.400747299194336,24.83865737915039,4.4775390625,6.595873832702637,-5.156705379486084,6.591822147369385,-0.15766488015651703,-79.39057159423828,-75.86259460449219,29.98737144470215,86.66536712646484,28.36130714416504,4.344025135040283,7.844754219055176,13.064112663269043,-53.3789176940918,-55.3942756652832,24.2202091217041,30.006155014038086,-92.48115539550781,-31.270809173583984
17.0,11.422250747680664,22.230363845825195,-14.67186450958252,6.116933345794678,26.080568313598633,-17.82723617553711,4.6696319580078125,11.821895599365234,31.45620346069336,-23.628910064697266,32.547462463378906,-3.9521617889404297,6.138487815856934,0.2526699900627136,13.974658966064453,-14.069086074829102,-92.67292785644531,-70.50634765625,27.589229583740234,115.30990600585938,42.38317108154297,1.6902796030044556,13.455665588378906,23.18206024169922,-54.5182991027832,-48.97708511352539,17.954753875732422,29.764667510986328,-98.36409759521484,-34.204010009765625
18.0,3.093384265899658,3.8948419094085693,-15.457098960876465,-5.478125095367432,8.155741691589355,-15.752279281616211,38.64067840576172,11.439617156982422,39.260833740234375,-19.51418113708496,84.33086395263672,-29.520442962646484,4.1976189613342285,0.7898179292678833,13.912613868713379,-29.61940574645996,-85.65653228759766,-66.66381072998047,30.027746200561523,90.66097259521484,30.360177993774414,2.0111303329467773,11.185704231262207,9.811423301696777,-42.114845275878906,-52.40311050415039,29.55495262145996,30.001026153564453,-92.73945617675781,-31.399967193603516
19.0,-8.030599594116211,76.7235107421875,-7.017452239990234,-11.76772403717041,34.76689529418945,-13.177475929260254,25.666549682617188,-18.4849796295166,9.93846607208252,-51.718666076660156,48.543941497802734,-8.189116477966309,-23.280115127563477,-2.8534419536590576,-2.1752991676330566,24.140825271606445,71.83379364013672,20.189163208007812,20.867570877075195,41.26183319091797,7.931805610656738,-21.80363655090332,6.748347282409668,-16.6857967376709,16.627498626708984,-13.19018268585205,62.499900817871094,25.979921340942383,-57.46111297607422,-14.414219856262207
20.0,-11.161234855651855,82.41273498535156,-7.25412130355835,-9.095952987670898,47.24101257324219,-14.853107452392578,19.455188751220703,-17.47296714782715,7.993999004364014,-46.19667434692383,32.40617752075195,2.6449174880981445,-23.97553253173828,-3.5609326362609863,-0.4389284551143646,35.33799743652344,63.42879867553711,21.966909408569336,24.417339324951172,51.757137298583984,11.983844757080078,-22.70783805847168,5.6414313316345215,-16.59010887145996,19.216236114501953,-13.815690040588379,59.39436340332031,26.52892303466797,-59.7274169921875,-15.416862487792969
21.0,-4.157851219177246,15.18944263458252,-13.123515129089355,-4.283118724822998,17.23775863647461,-11.90339183807373,18.09000587463379,7.2776288986206055,15.794901847839355,-27.728862762451172,26.137422561645508,6.421130657196045,10.026532173156738,0.8576989769935608,17.03777313232422,18.98110008239746,31.6326961517334,-64.64164733886719,26.849205017089844,61.13405227661133,16.04867172241211,7.885045528411865,10.128186225891113,9.229867935180664,-19.612472534179688,-44.749794006347656,33.13264083862305,29.44642448425293,-77.59456634521484,-23.857641220092773
22.0,-17.831310272216797,-4.519704341888428,-2.9035146236419678,-8.71885871887207,-1.9545106887817383,-2.903940439224243,-23.06107521057129,5.095950603485107,-1.3588533401489258,38.156982421875,-3.356775999069214,6.7651519775390625,17.785974502563477,-2.094414472579956,5.8040008544921875,2.993638038635254,31.00518226623535,-50.761627197265625,28.573389053344727,70.42162322998047,20.37541961669922,17.230066299438477,8.064303398132324,0.7466441988945007,-6.239290237426758,-16.879940032958984,40.88197326660156,21.40810775756836,-42.707984924316406,-8.453332901000977
23.0,-22.29655647277832,10.35680866241455,-2.9496188163757324,-6.547327995300293,4.4908623695373535,-0.3130720555782318,-22.01697540283203,3.4874308109283447,4.756204128265381,34.74151611328125,-1.0537413358688354,15.969918251037598,23.028369903564453,-3.105550527572632,10.544819831848145,8.413310050964355,43.0083122253418,-32.808753967285156,30.027202606201172,90.76008605957031,30.409799575805664,21.68070411682129,7.0994462966918945,5.665205001831055,-9.999422073364258,-26.016565322875977,45.926334381103516,24.785709381103516,-53.020442962646484,-12.509771347045898
24.0,-19.722366333007812,21.207759857177734,-3.173715353012085,-2.9734652042388916,15.98849105834961,3.662492275238037,-27.433923721313477,2.437901735305786,-7.5399322509765625,46.13288116455078,-5.232634544372559,10.688981056213379,29.619413375854492,-3.2316434383392334,10.971858978271484,-3.6311287879943848,47.792091369628906,-29.168916702270508,29.140125274658203,105.3141098022461,37.62457275390625,27.3255615234375,8.895709991455078,13.22539234161377,-12.017873764038086,-27.619245529174805,43.60847854614258,23.246732711791992,-48.000396728515625,-10.465356826782227
25.0,-26.568565368652344,30.619895935058594,-7.030581951141357,-1.702239751815796,24.77958869934082,3.0884246826171875,-24.02027130126953,3.5823233127593994,-17.34349250793457,57.687599182128906,-5.701425552368164,10.700040817260742,23.863636016845703,-4.129693984985352,5.73755407333374,-4.066056251525879,45.75065231323242,-35.51947021484375,28.810516357421875,107.91954803466797,38.88692092895508,22.104555130004883,8.677284240722656,11.163633346557617,-9.171517372131348,-3.3702189922332764,38.11613082885742,24.03415298461914,-50.48711013793945,-11.462677001953125
26.0,-20.009349822998047,29.621564865112305,-7.732113361358643,-2.1378350257873535,26.210622787475586,-8.240452766418457,1.2270615100860596,4.926657676696777,13.59128189086914,2.2112860679626465,6.31919002532959,15.20997428894043,13.008282661437988,-4.1594767570495605,9.382225036621094,9.6702241897583,31.84149932861328,-45.48986053466797,29.865766525268555,96.57711791992188,33.315460205078125,11.39786148071289,6.757421493530273,7.731631755828857,-26.42729377746582,-48.777732849121094,31.531814575195312,28.085010528564453,-67.3912353515625,-18.937170028686523
27.0,-3.768393039703369,2.0793697834014893,-12.012214660644531,-8.420660972595215,6.965323448181152,-15.782747268676758,18.808950424194336,8.559629440307617,35.473506927490234,-15.50870132446289,52.06112289428711,-5.855617523193359,3.261272668838501,-0.7260546684265137,11.07318115234375,5.308945655822754,-44.13557434082031,-65.8163833618164,18.706676483154297,35.859291076660156,6.101317405700684,1.536325216293335,9.883655548095703,7.358884334564209,-35.28763198852539,-48.38200759887695,26.85430908203125,29.94523048400879,-94.7171401977539,-32.38809585571289
28.0,-9.490151405334473,-18.7911319732666,-9.246126174926758,-16.429893493652344,-16.644079208374023,-13.914738655090332,23.58002281188965,10.3685941696167,45.10791015625,1.7876101732254028,63.609867095947266,-6.782129287719727,1.193207025527954,0.2726483643054962,4.142868995666504,2.7367234230041504,-31.645404815673828,-62.70854187011719,17.452428817749023,32.94876480102539,5.197903156280518,0.6226357817649841,11.400527954101562,1.7097570896148682,-32.022705078125,-34.7148551940918,26.048110961914062,29.906574249267578,-95.69802856445312,-32.87745666503906
29.0,-8.239884376525879,-17.39858627319336,-10.302701950073242,-15.280750274658203,-15.72901725769043,-14.80886459350586,26.501577377319336,10.393570899963379,46.089229583740234,0.511182427406311,68.18810272216797,-9.582662582397461,1.8056399822235107,0.19620954990386963,3.83872389793396,-2.551093816757202,-45.22544860839844,-66.36793518066406,22.99866485595703,47.24759292602539,10.169742584228516,1.141578197479248,11.645751953125,2.7801907062530518,-31.51963996887207,-35.573448181152344,27.81537437438965,29.983041763305664,-93.50112915039062,-31.780736923217773
30.0,-6.820661544799805,-4.208566665649414,-14.30244255065918,-10.616052627563477,5.935394287109375,-18.661901473999023,12.496175765991211,12.343183517456055,30.570369720458984,-9.391921997070312,38.070037841796875,3.8036556243896484,2.2317075729370117,0.037338804453611374,9.915552139282227,-7.083771705627441,-70.19796752929688,-61.887454986572266,27.487321853637695,64.1705551147461,17.4354248046875,0.2294004112482071,11.567919731140137,9.725375175476074,-37.16810607910156,-40.987892150878906,20.834829330444336,29.733190536499023,-98.84642791748047,-34.443355560302734
31.0,-3.961552381515503,30.317947387695312,-13.97507381439209,1.7255034446716309,25.9788818359375,-19.41954231262207,22.75843048095703,6.2970452308654785,37.04071044921875,-27.75931739807129,53.5626106262207,-8.974567413330078,6.051621437072754,-4.326534271240234,7.62526273727417,-31.888158798217773,-111.32363891601562,-71.46202850341797,29.94583511352539,85.29936981201172,27.678998947143555,4.195402145385742,7.702939033508301,9.923272132873535,-52.38521194458008,-67.2928237915039,26.987972259521484,29.817689895629883,-97.48020935058594,-33.76485824584961
32.0,-8.700068473815918,79.2151107788086,-10.894043922424316,-9.804289817810059,41.18769454956055,-13.587287902832031,21.733482360839844,-15.840534210205078,7.975868225097656,-51.64911651611328,33.14603805541992,3.1144182682037354,-16.290843963623047,-6.129500389099121,-4.508203029632568,7.2619709968566895,68.69840240478516,5.507162570953369,19.77530288696289,38.462039947509766,6.959235668182373,-15.137146949768066,6.535178184509277,-6.259607791900635,7.900293827056885,-13.559651374816895,58.214290618896484,26.294218063354492,-58.737979888916016,-14.976750373840332
33.0,0.33635902404785156,-5.269943714141846,-14.66662883758545,-10.675865173339844,-5.361917018890381,-14.034607887268066,43.640235900878906,12.555532455444336,48.13924026489258,-4.404467582702637,93.78790283203125,-31.093870162963867,2.9038476943969727,-0.30742308497428894,7.72242546081543,-21.742128372192383,-65.93537902832031,-71.09941864013672,24.87162971496582,53.321407318115234,12.636175155639648,0.9726691246032715,11.88974666595459,10.21387767791748,-42.35969543457031,-49.860443115234375,27.631629943847656,30.029285430908203,-89.83491516113281,-29.94680404663086
34.0,-18.308000564575195,-30.05085563659668,-6.67822265625,-23.582265853881836,-26.98908805847168,-10.963300704956055,13.875261306762695,11.634831428527832,37.952537536621094,8.776778221130371,48.731101989746094,5.112192630767822,-1.9613116979599,2.2456138134002686,2.4815754890441895,1.0172573328018188,-30.19443702697754,-58.751155853271484,24.465923309326172,51.921268463134766,12.051756858825684,-2.081207752227783,13.207825660705566,-1.231250524520874,-24.638635635375977,-25.80397605895996,22.463220596313477,29.734180450439453,-98.83187866210938,-34.4361457824707
35.0,-9.314353942871094,-17.93020248413086,-9.539158821105957,-16.100025177001953,-16.434036254882812,-13.512222290039062,26.561052322387695,10.93729019165039,45.08526611328125,-0.39412420988082886,67.3748550415039,-10.14761734008789,1.0402241945266724,0.3739156424999237,5.490050792694092,-0.8013951778411865,-34.955848693847656,-67.45869445800781,21.26352310180664,42.316951751708984,8.311028480529785,0.3417584300041199,11.198406219482422,1.8723403215408325,-28.702159881591797,-36.60916519165039,27.585561752319336,29.98956871032715,-93.24480438232422,-31.652629852294922
36.0,-3.6770823001861572,1.904333233833313,-10.269998550415039,-8.344961166381836,6.9635910987854,-14.779322624206543,17.5926456451416,7.906984806060791,37.14497756958008,-11.671531677246094,51.75785446166992,-7.638975143432617,3.614553213119507,-1.541942834854126,9.497987747192383,0.19267316162586212,-57.41255569458008,-65.47990417480469,19.681591033935547,38.228790283203125,6.880485534667969,2.003053903579712,9.430989265441895,7.180397033691406,-37.753482818603516,-48.414615631103516,25.147184371948242,29.889738082885742,-96.07638549804688,-33.0660285949707
37.0,5.9650421142578125,25.515914916992188,-9.103630065917969,1.0175238847732544,28.304428100585938,-14.572011947631836,1.3834161758422852,4.004279613494873,27.635238647460938,-16.065223693847656,27.97791862487793,2.748457670211792,6.1660685539245605,-2.338437795639038,12.18370246887207,7.1944499015808105,-64.61627960205078,-71.54466247558594,21.250728607177734,42.282466888427734,8.298566818237305,3.3197014331817627,9.568550109863281,14.697593688964844,-47.603065490722656,-60.05108642578125,19.981800079345703,29.250226974487305,-104.33712005615234,-37.147972106933594
38.0,-12.872644424438477,19.039201736450195,-8.308828353881836,-4.528027057647705,18.670883178710938,-5.6099066734313965,-13.347867012023926,7.324209213256836,-8.37648868560791,21.69419288635254,-10.795013427734375,17.254852294921875,19.27469253540039,-0.45563286542892456,15.231942176818848,11.371654510498047,29.19308853149414,-39.70574951171875,28.752822875976562,71.66275024414062,20.970809936523438,16.493810653686523,10.486455917358398,14.581774711608887,-19.85103988647461,-40.96153259277344,32.560001373291016,25.564777374267578,-55.849918365478516,-13.713618278503418
39.0,-22.58905601501465,-6.7597880363464355,-2.6142518520355225,-13.43619155883789,-6.079408645629883,-4.791743755340576,-16.239755630493164,6.032304286956787,7.806453704833984,25.25705337524414,1.5434600114822388,11.84093189239502,12.845571517944336,-2.2605836391448975,4.445927619934082,0.8553917407989502,37.83391189575195,-54.14118957519531,26.18758773803711,58.29883575439453,14.782552719116211,12.274949073791504,8.494205474853516,1.758508563041687,-11.237479209899902,-23.34973907470703,31.48358726501465,26.636276245117188,-60.191322326660156,-15.624457359313965
40.0,-10.552996635437012,-14.083477973937988,-6.41010046005249,-15.840402603149414,-12.620052337646484,-10.699392318725586,16.060680389404297,8.161243438720703,43.60447311401367,3.1757290363311768,53.398704528808594,-3.414306640625,-1.2076406478881836,-0.9546549320220947,5.672636032104492,6.92122220993042,-16.193986892700195,-58.129146575927734,19.630661010742188,38.102386474609375,6.837980270385742,-1.6826856136322021,9.345322608947754,-0.40401560068130493,-26.203073501586914,-33.849822998046875,23.205886840820312,29.895566940307617,-95.94874572753906,-33.00239944458008
41.0,-9.947042465209961,-11.996273040771484,-7.483068466186523,-15.332406997680664,-10.41816520690918,-11.597204208374023,15.978155136108398,7.771429538726807,42.21860122680664,0.581436812877655,52.83213806152344,-2.877885580062866,-0.37904730439186096,-0.8816644549369812,5.923910617828369,7.965290069580078,-10.711182594299316,-57.5863151550293,21.454856872558594,42.83513641357422,8.499765396118164,-0.9348545074462891,9.468804359436035,0.2069883495569229,-26.430299758911133,-35.78658676147461,23.460424423217773,29.83339500427246,-97.1982421875,-33.6246223449707
42.0,-17.996492385864258,-3.3633718490600586,-6.6772141456604,-12.916159629821777,-1.8871407508850098,-9.459741592407227,-10.556458473205566,8.059226989746094,11.767545700073242,15.012286186218262,4.826440811157227,14.443941116333008,10.08762264251709,-1.165798544883728,7.853850841522217,2.1652514934539795,28.111303329467773,-52.93608856201172,27.248947143554688,62.995086669921875,16.895034790039062,8.888672828674316,9.546598434448242,5.056149482727051,-14.482545852661133,-27.66318130493164,30.704010009765625,27.19938087463379,-62.757198333740234,-16.78621482849121
43.0,-20.772104263305664,1.7115867137908936,-5.39387321472168,-10.61431884765625,0.891117513179779,-5.224711894989014,-23.4217529296875,6.268056869506836,-0.35876327753067017,34.16348648071289,-4.766971111297607,12.384342193603516,18.7231502532959,-1.852546215057373,6.586588382720947,1.1086328029632568,46.90082931518555,-45.17018508911133,28.857952117919922,72.4312973022461,21.34114646911621,17.4078426361084,9.655436515808105,7.07820987701416,-14.591307640075684,-26.188146591186523,33.70808410644531,25.371749877929688,-55.126766204833984,-13.402681350708008
44.0,-21.285400390625,6.313968658447266,-5.514108180999756,-10.056870460510254,3.148893356323242,-3.624652624130249,-25.82074737548828,5.878633975982666,0.9814386367797852,37.6530647277832,-4.7304301261901855,13.970778465270996,21.11728286743164,-1.6621345281600952,9.268688201904297,2.097630262374878,51.4375,-38.05130386352539,29.727582931518555,81.07012176513672,25.574068069458008,19.528308868408203,9.415122032165527,8.071067810058594,-16.867431640625,-30.963146209716797,38.58486557006836,25.027318954467773,-53.87342071533203,-12.86902141571045
45.0,-18.07929039001465,9.042258262634277,-6.899206161499023,-8.575870513916016,4.381032943725586,-4.756357192993164,-20.365446090698242,5.989404678344727,5.709911346435547,27.525644302368164,-1.9568111896514893,16.645227432250977,17.353750228881836,-1.4718469381332397,11.470062255859375,5.676601886749268,49.31571960449219,-40.07418441772461,29.81711196899414,82.5094223022461,26.28880500793457,15.603007316589355,9.011479377746582,8.233558654785156,-16.085346221923828,-26.606311798095703,39.27214050292969,25.64011573791504,-56.13638687133789,-13.837411880493164
46.0,-19.235570907592773,-13.134622573852539,-0.831639289855957,-13.005179405212402,-11.205835342407227,-0.670004665851593,-29.721750259399414,4.411471843719482,-3.968109369277954,45.43162536621094,-4.111523151397705,2.119889974594116,14.842774391174316,-3.340251922607422,-2.108243227005005,-7.205326080322266,39.70723342895508,-50.6588020324707,25.243919372558594,54.656307220458984,13.20156478881836,15.06042194366455,8.612103462219238,-0.04345358908176422,-10.685818672180176,-21.111392974853516,36.14323806762695,23.620332717895508,-49.16086959838867,-10.926868438720703
47.0,-3.0743374824523926,18.85926628112793,-11.789520263671875,-4.409433364868164,16.577638626098633,-11.118035316467285,14.21142578125,3.669032096862793,21.874088287353516,-23.879270553588867,34.015010833740234,4.8862481117248535,10.195839881896973,-0.2948937714099884,14.792489051818848,16.791881561279297,52.77525329589844,-50.76291275024414,29.310606002807617,76.22798156738281,23.187183380126953,8.25019645690918,9.347127914428711,8.261099815368652,-22.11536407470703,-48.80760192871094,34.269039154052734,29.718156814575195,-80.93123626708984,-25.505207061767578
48.0,-12.18044376373291,79.2861099243164,-10.184428215026855,-11.366344451904297,38.74207305908203,-12.885677337646484,18.465267181396484,-18.86027717590332,8.522823333740234,-43.06459426879883,33.26386260986328,6.063282489776611,-19.575590133666992,-4.675327301025391,-5.129263401031494,35.56334686279297,44.01881408691406,1.7275711297988892,30.02895736694336,90.3421630859375,30.200645446777344,-17.979507446289062,7.086629867553711,-11.126567840576172,8.89714241027832,-4.452023983001709,68.17539978027344,27.381839752197266,-63.64375686645508,-17.192710876464844
49.0,-4.901618480682373,18.521066665649414,-14.971537590026855,-5.768505096435547,18.4536190032959,-11.888137817382812,16.822500228881836,4.969389915466309,13.299134254455566,-28.624271392822266,23.80328941345215,11.105632781982422,9.295519828796387,0.6548893451690674,15.796195983886719,18.091245651245117,36.590423583984375,-56.007171630859375,28.8497257232666,107.63005065917969,38.74727249145508,7.221417427062988,10.198184967041016,8.919646263122559,-17.56019401550293,-44.762474060058594,29.59599494934082,29.974151611328125,-93.82301330566406,-31.941543579101562
50.0,-12.822784423828125,13.93950366973877,-16.203277587890625,-8.672426223754883,14.590471267700195,-10.601615905761719,9.750813484191895,7.709640026092529,4.289077281951904,-13.900375366210938,4.176101207733154,18.787561416625977,12.251505851745605,1.6406108140945435,15.810790061950684,16.91135597229004,42.26137924194336,-53.49836730957031,27.50325584411621,115.74894714355469,42.58621597290039,10.054140090942383,11.390340805053711,10.001630783081055,-8.186869621276855,-34.68377685546875,26.547534942626953,29.662883758544922,-99.83977508544922,-34.935489654541016
51.0,-13.596973419189453,63.18470001220703,-5.386170864105225,-14.056427001953125,26.299482345581055,-9.899142265319824,26.41463279724121,-17.9088191986084,19.387676239013672,-35.689266204833984,58.80055236816406,-10.0246000289917,-25.629289627075195,-1.354157567024231,0.04747191444039345,47.396034240722656,58.93661117553711,8.799761772155762,29.17524528503418,105.00959014892578,37.476192474365234,-24.34328269958496,6.852354526519775,-19.63135528564453,16.993938446044922,9.133835792541504,76.5242919921875,27.2940673828125,-63.21364212036133,-16.995208740234375
52.0,-21.952768325805664,28.715660095214844,-8.857770919799805,-13.651985168457031,6.368360996246338,-6.789000034332275,31.92386817932129,-3.7616324424743652,36.72454833984375,-20.237506866455078,64.88675689697266,6.194296360015869,-27.181480407714844,-1.9956961870193481,18.27967643737793,67.35340118408203,133.89537048339844,63.82294845581055,30.01559829711914,88.09093475341797,29.074176788330078,-27.19649887084961,0.8251165747642517,-17.593563079833984,34.77334213256836,-35.73370361328125,25.266590118408203,25.314207077026367,-54.914207458496094,-13.31167984008789
53.0,-2.0978193283081055,21.51797103881836,-12.823432922363281,-12.699456214904785,4.838892459869385,-7.777392387390137,39.81224060058594,1.3432036638259888,36.63726043701172,-29.5036678314209,93.59215545654297,-16.842304229736328,-29.97907257080078,-4.7908477783203125,30.8640193939209,70.30209350585938,142.45260620117188,63.54538345336914,30.014751434326172,91.97001647949219,31.015138626098633,-30.490982055664062,-2.1424686908721924,-5.646411418914795,29.89734649658203,-35.6102180480957,24.037494659423828,26.248188018798828,-58.54753494262695,-14.892438888549805
54.0,-2.3734664916992188,60.63063430786133,-3.0457093715667725,-13.67691707611084,22.874141693115234,-10.227344512939453,40.5472526550293,-20.414508819580078,17.82811737060547,-42.22447967529297,92.32882690429688,-39.665687561035156,-35.48252487182617,4.109909534454346,-1.381170392036438,50.880184173583984,83.734130859375,27.743852615356445,29.782018661499023,98.0852279663086,34.0655517578125,-34.00507354736328,11.03548526763916,-27.691831588745117,30.256099700927734,-4.697763442993164,67.43424987792969,24.089651107788086,-50.66853332519531,-11.536633491516113
55.0,-0.8971419334411621,69.12747192382812,0.8231358528137207,-12.241281509399414,30.34370994567871,-10.057391166687012,37.76935958862305,-22.42461395263672,14.506534576416016,-45.97195816040039,88.16492462158203,-42.572628021240234,-32.59916305541992,3.5906450748443604,-3.1553337574005127,56.3563232421875,85.93047332763672,31.467418670654297,27.832246780395508,114.0246810913086,41.785491943359375,-30.940876007080078,10.500923156738281,-28.332441329956055,26.1904239654541,-12.903008460998535,61.12712097167969,24.570293426513672,-52.27633285522461,-12.199119567871094
56.0,0.9037688374519348,68.51337432861328,2.2992196083068848,-12.521821022033691,28.960432052612305,-8.981426239013672,39.94160079956055,-24.719261169433594,14.05058765411377,-43.949710845947266,94.82246398925781,-47.48453140258789,-30.3692684173584,4.328017234802246,-5.422808647155762,54.877952575683594,87.9885482788086,29.87333869934082,23.993831634521484,129.64410400390625,48.649505615234375,-28.509462356567383,10.91314697265625,-30.47435188293457,24.51252555847168,-15.213419914245605,62.089717864990234,24.08238410949707,-50.64458465576172,-11.52685260772705
57.0,2.423097610473633,68.452880859375,1.4967913627624512,-12.422442436218262,28.827869415283203,-10.035468101501465,41.09996032714844,-23.8554744720459,13.77571964263916,-45.53907012939453,98.00648498535156,-50.39308547973633,-31.760889053344727,4.6393280029296875,-4.3398356437683105,50.458045959472656,89.62759399414062,31.649085998535156,24.56313705444336,127.74811553955078,47.86985778808594,-30.025341033935547,11.144683837890625,-30.16463279724121,23.563430786132812,-15.505709648132324,62.63944625854492,23.533096313476562,-48.88700485229492,-10.817370414733887
58.0,3.7220938205718994,64.76049041748047,0.4583733081817627,-12.716720581054688,25.874034881591797,-9.935946464538574,44.007877349853516,-22.23965835571289,15.706409454345703,-42.9171028137207,103.38519287109375,-53.17533874511719,-32.72504806518555,4.588435649871826,-2.4975998401641846,48.4137077331543,91.55613708496094,30.155900955200195,24.137859344482422,129.17330932617188,48.45753860473633,-31.188003540039062,10.974722862243652,-29.14403533935547,22.217670440673828,-12.129759788513184,64.5340576171875,23.59722328186035,-49.088157653808594,-10.897773742675781
59.0,3.5302841663360596,62.19892120361328,-0.45567330718040466,-12.904146194458008,24.466856002807617,-9.855605125427246,44.951900482177734,-20.797210693359375,17.31226348876953,-41.292415618896484,104.04671478271484,-52.282928466796875,-32.34660339355469,3.895719289779663,-0.8298779129981995,50.32832336425781,91.51329040527344,28.223623275756836,25.998931884765625,122.46318817138672,45.61141586303711,-30.978084564208984,10.203598022460938,-27.741525650024414,21.554954528808594,-9.968061447143555,65.08967590332031,23.843061447143555,-49.86920928955078,-11.211978912353516
60.0,2.6548686027526855,62.36224365234375,-1.0621144771575928,-12.941263198852539,24.87503433227539,-10.23498249053955,43.64443588256836,-19.997304916381836,17.68022346496582,-42.43374252319336,101.31783294677734,-49.927738189697266,-30.20413589477539,2.6186184883117676,-0.2407943159341812,50.845951080322266,88.66980743408203,24.450450897216797,26.412694931030273,120.76676177978516,44.86222457885742,-28.875154495239258,9.210504531860352,-25.82456398010254,20.493350982666016,-11.157124519348145,63.78487777709961,23.733665466308594,-49.51969909667969,-11.071019172668457
61.0,2.048147201538086,64.9272232055664,-1.193758487701416,-12.792255401611328,26.03661346435547,-10.845132827758789,41.670989990234375,-20.9368953704834,16.215496063232422,-45.314510345458984,98.8506851196289,-48.83501052856445,-28.968734741210938,2.227051258087158,-1.8742485046386719,51.6864128112793,83.4747543334961,20.636043548583984,25.502500534057617,124.38502502441406,46.44645690917969,-27.440570831298828,9.335017204284668,-25.51120376586914,21.078760147094727,-13.368444442749023,62.97181701660156,24.247623443603516,-51.18935012817383,-11.749894142150879
62.0,2.324552536010742,63.18366241455078,-0.782742440700531,-13.153894424438477,21.68462562561035,-9.694421768188477,44.74675750732422,-24.70249366760254,14.719950675964355,-42.12052536010742,106.068359375,-52.537479400634766,-32.46902084350586,5.751872539520264,-6.0558648109436035,55.60959243774414,82.4239730834961,21.33822250366211,24.145751953125,129.14736938476562,48.44693374633789,-30.529136657714844,12.472755432128906,-31.30592918395996,25.95723533630371,-10.939264297485352,66.77818298339844,24.132966995239258,-50.81055450439453,-11.594673156738281
63.0,2.336693286895752,60.77685546875,-1.5594234466552734,-13.001510620117188,20.69729232788086,-9.74938678741455,45.30814743041992,-21.624347686767578,17.31153678894043,-41.06071090698242,105.78716278076172,-51.68016815185547,-32.384037017822266,4.262597560882568,-2.339050769805908,58.12989044189453,83.71508026123047,20.667381286621094,25.271705627441406,125.24210357666016,46.81389617919922,-30.838912963867188,10.875435829162598,-28.312837600708008,24.631715774536133,-10.648517608642578,65.33828735351562,24.12298011779785,-50.777801513671875,-11.581270217895508
64.0,2.675028085708618,63.06706619262695,-2.8314294815063477,-12.55549430847168,24.993139266967773,-12.234004974365234,42.69720458984375,-18.581632614135742,17.445276260375977,-46.0489501953125,101.01263427734375,-49.91914749145508,-29.6817626953125,1.6101926565170288,0.9239254593849182,56.222293853759766,83.09791564941406,20.079038619995117,27.023752212524414,118.06884002685547,43.64902114868164,-28.458778381347656,8.578163146972656,-23.605575561523438,21.288270950317383,-12.197159767150879,62.980411529541016,24.395593643188477,-51.68379592895508,-11.953543663024902
65.0,3.3851311206817627,61.410675048828125,-3.5264365673065186,-12.697118759155273,24.28970718383789,-12.180719375610352,44.313167572021484,-17.952106475830078,17.9277400970459,-45.091941833496094,103.9071273803711,-51.43199157714844,-31.510726928710938,2.0665035247802734,1.9339234828948975,53.083404541015625,87.565185546875,23.807260513305664,27.88475799560547,113.73746490478516,41.651302337646484,-30.390941619873047,8.762208938598633,-23.977622985839844,21.507673263549805,-10.500240325927734,63.67027282714844,24.726654052734375,-52.81477737426758,-12.423666954040527
66.0,4.873854637145996,58.75250244140625,-3.850466251373291,-12.640850067138672,23.401750564575195,-12.059861183166504,46.5903205871582,-14.657005310058594,20.83827781677246,-42.35646057128906,107.32568359375,-54.423797607421875,-34.227752685546875,1.3357571363449097,6.378702640533447,52.985076904296875,93.86324310302734,27.98539161682129,28.55257225036621,109.71711730957031,39.749656677246094,-33.52381896972656,7.536966800689697,-21.933942794799805,21.673036575317383,-6.53397798538208,63.73060989379883,24.516643524169922,-52.09337615966797,-12.12312126159668
67.0,7.642553806304932,55.24887466430664,-5.218605041503906,-12.523909568786621,21.636714935302734,-12.440316200256348,51.0426139831543,-12.71229076385498,22.359697341918945,-39.09975051879883,116.03644561767578,-60.289772033691406,-37.10917282104492,1.4383974075317383,9.461864471435547,55.410030364990234,100.21273803710938,32.410308837890625,28.726940155029297,108.52141571044922,39.17656326293945,-36.644859313964844,6.961302280426025,-21.451152801513672,22.293943405151367,-4.706971645355225,65.11125183105469,24.080913543701172,-50.639827728271484,-11.524958610534668
68.0,10.270310401916504,53.26214599609375,-6.962520599365234,-12.284652709960938,21.24294090270996,-13.183964729309082,54.65488052368164,-11.594217300415039,22.357852935791016,-37.31013488769531,123.62874603271484,-65.8228988647461,-38.91311264038086,1.5233187675476074,11.318307876586914,52.19871139526367,103.06521606445312,33.909095764160156,29.250438690185547,104.33557891845703,37.147239685058594,-38.57243728637695,6.624816417694092,-21.099609375,22.024368286132812,-5.5861711502075195,64.94841766357422,23.991334915161133,-50.34783172607422,-11.406034469604492
69.0,10.667350769042969,54.3833122253418,-7.001871585845947,-11.951786994934082,23.181413650512695,-13.608284950256348,53.66064453125,-10.564981460571289,22.6802921295166,-38.91478729248047,122.87789154052734,-66.45930480957031,-39.23829650878906,0.6700989603996277,12.561030387878418,48.62610626220703,103.39009857177734,35.322914123535156,29.79499053955078,97.87109375,33.95914840698242,-38.985164642333984,5.9089202880859375,-19.68230438232422,22.22426414489746,-7.37026834487915,61.25360870361328,24.185169219970703,-50.9825553894043,-11.665060043334961
70.0,5.8232221603393555,56.476768493652344,-5.009721279144287,-12.841958999633789,24.63595962524414,-13.21134090423584,47.07698440551758,-11.346778869628906,23.516361236572266,-42.223388671875,109.19055938720703,-54.71867752075195,-42.91616439819336,0.5671049356460571,11.017547607421875,48.31962585449219,106.29863739013672,45.23701477050781,30.029329299926758,90.16595458984375,30.11245346069336,-42.54308319091797,6.6616740226745605,-20.53627586364746,29.949033737182617,-5.499743461608887,59.9932746887207,24.038921356201172,-50.502655029296875,-11.469010353088379
71.0,1.1882585287094116,59.561519622802734,-6.866316318511963,-11.398354530334473,27.661558151245117,-14.513081550598145,41.29953384399414,-11.6182222366333,20.811738967895508,-47.576412200927734,93.01848602294922,-42.663597106933594,-31.115272521972656,-1.6370757818222046,8.147368431091309,46.117191314697266,82.44020080566406,18.083139419555664,29.637014389038086,100.18085479736328,35.104217529296875,-30.682518005371094,5.951344013214111,-15.740655899047852,15.66388988494873,0.5420240759849548,67.98107147216797,25.527912139892578,-55.710506439208984,-13.653521537780762
72.0,-1.5397818088531494,11.775081634521484,-20.862361907958984,0.9530127048492432,14.865252494812012,-17.30762481689453,19.528207778930664,9.843123435974121,18.456056594848633,-24.062705993652344,34.98033905029297,9.372323036193848,17.656675338745117,7.557734966278076,20.959312438964844,22.65586280822754,59.67198944091797,-57.329124450683594,28.9154109954834,72.86595153808594,21.551103591918945,15.367793083190918,16.026473999023438,10.47026252746582,-11.504719734191895,-49.778564453125,41.69512176513672,28.765214920043945,-108.24857330322266,-39.04536437988281
73.0,-12.687508583068848,4.137570858001709,-14.177335739135742,-2.409773111343384,10.097174644470215,-10.652857780456543,-8.739738464355469,7.800137519836426,3.677682876586914,19.831844329833984,2.1936240196228027,12.847467422485352,24.816253662109375,4.329160690307617,13.423229217529297,8.002079010009766,43.44750213623047,-43.386138916015625,30.007165908813477,92.42454528808594,31.242473602294922,23.022008895874023,14.47068977355957,8.427570343017578,-0.34638234972953796,-44.641231536865234,40.91384506225586,28.14927864074707,-112.2341079711914,-40.945098876953125
74.0,-4.662515640258789,29.611623764038086,-16.057342529296875,7.858699798583984,29.831483840942383,-18.28392219543457,7.779048442840576,2.4039735794067383,25.223215103149414,-12.3360595703125,24.765043258666992,15.606364250183105,10.169121742248535,-3.071955919265747,7.383059024810791,10.692898750305176,19.80855369567871,-44.65293502807617,29.217687606811523,75.36738586425781,22.766511917114258,8.896973609924316,7.966859817504883,5.906248569488525,-30.622634887695312,-58.61119079589844,21.758028030395508,19.21196937561035,-142.9254150390625,-53.562618255615234
75.0,-2.660393476486206,13.63119125366211,-19.874290466308594,-1.116942286491394,17.246929168701172,-15.657044410705566,22.594511032104492,7.764962196350098,18.574535369873047,-34.97813034057617,38.57410430908203,3.492276668548584,11.775222778320312,5.070943355560303,20.392274856567383,10.729227066040039,52.420013427734375,-48.60257339477539,29.352813720703125,103.36182403564453,36.67066955566406,9.728610038757324,13.201349258422852,8.301855087280273,-11.20758056640625,-51.34552001953125,40.273826599121094,27.830312728881836,-114.03532409667969,-41.79050064086914
76.0,-25.033727645874023,30.29833984375,-21.03247833251953,-13.316282272338867,9.395206451416016,-14.196303367614746,26.4992733001709,6.935653209686279,34.79505920410156,-32.05864715576172,48.53683853149414,22.199634552001953,-27.814664840698242,-6.558521747589111,30.668127059936523,60.78977584838867,117.87237548828125,58.98948287963867,30.019136428833008,88.35079193115234,29.204124450683594,-28.363882064819336,-3.7975189685821533,-5.260267734527588,44.91208267211914,-21.243093490600586,42.79656219482422,25.689220428466797,-56.324588775634766,-13.918953895568848
77.0,-23.87128448486328,27.78767967224121,-24.52556610107422,-14.403696060180664,7.244787693023682,-15.628019332885742,29.901138305664062,10.553729057312012,35.7447395324707,-38.97923278808594,53.27547073364258,20.783668518066406,-30.810529708862305,-8.883423805236816,35.09186553955078,58.00680160522461,123.16380310058594,61.82817840576172,29.866809844970703,83.4443359375,26.7540340423584,-31.552854537963867,-6.063007831573486,-0.8975017070770264,45.24455642700195,-25.684038162231445,35.468666076660156,25.947654724121094,-57.333072662353516,-14.358174324035645
78.0,0.7489405870437622,-0.6553173661231995,-21.803327560424805,-6.363703727722168,3.383890390396118,-22.151411056518555,41.13237762451172,9.781269073486328,36.38132858276367,-26.25944709777832,92.500244140625,-26.302505493164062,5.124782085418701,4.909261703491211,16.359094619750977,12.258898735046387,73.02853393554688,-48.03638458251953,29.71816635131836,80.93213653564453,25.505664825439453,3.5781643390655518,13.328985214233398,4.479563236236572,-26.6899471282959,-59.26991653442383,34.75961685180664,25.78592872619629,-123.30162048339844,-45.977535247802734
79.0,-22.728012084960938,1.8113032579421997,-17.971656799316406,-17.8972225189209,8.30859661102295,-17.46480369567871,-16.271921157836914,11.9822998046875,0.373197466135025,31.953319549560547,-1.050266981124878,20.07094955444336,23.33939552307129,7.468109130859375,17.586597442626953,5.001302719116211,62.76592254638672,-34.56724166870117,28.18814468383789,112.004150390625,40.83653259277344,21.079242706298828,17.038454055786133,10.968096733093262,7.289914131164551,-47.18534469604492,38.013004302978516,26.636741638183594,-119.80681610107422,-44.43352127075195
80.0,-18.51605987548828,10.47919750213623,-15.9050931930542,-10.871710777282715,12.813769340515137,-10.462203025817871,-13.741715431213379,6.840062141418457,2.777111291885376,23.81473731994629,1.7018232345581055,22.296112060546875,21.804481506347656,3.64910888671875,15.11078929901123,0.4862555265426636,48.845279693603516,-35.82939910888672,26.960702896118164,118.3594741821289,43.78096389770508,19.69495391845703,13.674442291259766,10.187589645385742,5.34583854675293,-43.77830505371094,48.765220642089844,27.133956909179688,-117.55342864990234,-43.41443634033203
81.0,-16.91367530822754,8.406537055969238,-13.80627727508545,-11.789732933044434,12.333786964416504,-8.166293144226074,-20.020578384399414,5.710736274719238,1.993148684501648,35.85824203491211,1.954798698425293,18.640363693237305,22.6444091796875,2.6554431915283203,12.944488525390625,1.6355077028274536,42.67536926269531,-35.791038513183594,26.467472076416016,120.53487396240234,44.75897979736328,20.84558868408203,12.876269340515137,8.457496643066406,6.62891960144043,-47.84914016723633,46.66704177856445,26.619468688964844,-119.88179016113281,-44.467124938964844
82.0,-17.649755477905273,7.6468048095703125,-13.695902824401855,-13.21292495727539,12.882772445678711,-10.54792594909668,-21.311899185180664,7.563362121582031,2.0171380043029785,38.375267028808594,0.6869469881057739,16.88348960876465,19.703407287597656,2.716338634490967,14.317608833312988,3.866126537322998,43.466678619384766,-38.34042739868164,27.752742767333984,114.45281982421875,41.98512649536133,17.753734588623047,12.652482986450195,9.035310745239258,5.643603324890137,-39.57866668701172,42.38743209838867,26.788583755493164,-119.1375961303711,-44.13268280029297
83.0,-18.236164093017578,8.906059265136719,-14.60086441040039,-12.150670051574707,14.532319068908691,-13.119341850280762,-19.149635314941406,8.919245719909668,4.1567702293396,33.650596618652344,0.8787841200828552,19.279190063476562,18.549663543701172,3.4228315353393555,17.112184524536133,5.269184589385986,48.93003845214844,-38.29757308959961,29.144447326660156,105.27688598632812,37.6064567565918,16.441957473754883,12.721892356872559,9.566681861877441,4.449211597442627,-38.66938781738281,38.83885955810547,27.495384216308594,-115.7888412475586,-42.60462188720703
84.0,-17.011259078979492,10.103178977966309,-15.127472877502441,-10.990593910217285,15.76550579071045,-13.33738899230957,-19.632165908813477,8.860211372375488,4.059939384460449,34.40149688720703,1.1702808141708374,21.44890785217285,22.598255157470703,4.913097858428955,18.694698333740234,4.438394069671631,55.714962005615234,-31.772680282592773,29.289682388305664,103.97035217285156,36.96867370605469,20.442628860473633,13.94783878326416,10.015869140625,2.8187880516052246,-48.403446197509766,38.417808532714844,27.89798355102539,-113.66488647460938,-41.617347717285156
85.0,-16.78824234008789,13.057882308959961,-14.529202461242676,-11.490856170654297,17.764453887939453,-13.199653625488281,-16.46010971069336,9.11041259765625,3.525491952896118,29.085237503051758,0.1622440367937088,20.396446228027344,20.728574752807617,3.997525453567505,19.344589233398438,4.806492805480957,51.88542175292969,-33.768592834472656,29.02949333190918,106.23587799072266,38.07263946533203,18.318561553955078,13.199745178222656,11.647801399230957,2.330435276031494,-42.694053649902344,39.3582763671875,27.29083824157715,-116.80224609375,-43.070919036865234
86.0,-15.104207038879395,12.786277770996094,-13.652592658996582,-10.924697875976562,16.949203491210938,-10.272514343261719,-14.286397933959961,6.621127605438232,3.3912436962127686,26.432174682617188,2.121507167816162,20.117124557495117,23.535680770874023,3.5043528079986572,16.848365783691406,1.5272200107574463,51.46683120727539,-32.38203811645508,27.350330352783203,116.5115966796875,42.93751525878906,21.41476058959961,13.071589469909668,10.071477890014648,2.091735363006592,-54.443904876708984,43.02829360961914,26.61555290222168,-119.89888763427734,-44.474769592285156
87.0,-13.182402610778809,10.209914207458496,-11.191987991333008,-9.877894401550293,14.635088920593262,-7.8408918380737305,-12.495251655578613,4.191282749176025,5.1021246910095215,23.46811866760254,4.600711345672607,17.94768524169922,27.316364288330078,2.0541751384735107,12.642722129821777,-5.271688461303711,59.1480712890625,-35.85003662109375,26.197288513183594,121.66168212890625,45.258819580078125,25.61569595336914,12.411332130432129,8.088912963867188,1.368396282196045,-66.36634063720703,43.26487350463867,26.427181243896484,-120.70561981201172,-44.835025787353516
88.0,-11.210660934448242,8.868119239807129,-10.321427345275879,-8.728391647338867,13.893217086791992,-7.285849094390869,-11.643293380737305,3.6873817443847656,7.136960029602051,21.581218719482422,6.2196502685546875,16.830795288085938,24.89457130432129,1.1417579650878906,11.306777954101562,-4.756645202636719,53.77138137817383,-38.541282653808594,25.539581298828125,124.24537658691406,46.386287689208984,23.400056838989258,11.445497512817383,6.708515644073486,-0.1886262744665146,-64.0672836303711,42.11373519897461,25.485654830932617,-124.44851684570312,-46.473793029785156
89.0,-10.139039993286133,9.120904922485352,-10.407947540283203,-7.493687629699707,14.119632720947266,-7.321314811706543,-12.956802368164062,4.198739528656006,7.347198009490967,23.750381469726562,5.8527445793151855,16.98723030090332,24.458385467529297,1.5063875913619995,12.2813081741333,-4.637999057769775,54.17061233520508,-38.65210723876953,25.701435089111328,123.62850189208984,46.11953353881836,22.892486572265625,11.586570739746094,6.923308372497559,-0.6457226872444153,-61.25836181640625,41.864349365234375,24.926410675048828,-126.48533630371094,-47.34125518798828
90.0,-10.068865776062012,6.76812744140625,-9.509112358093262,-7.089322090148926,12.100503921508789,-6.736512184143066,-14.624443054199219,4.227897644042969,8.653482437133789,27.040658950805664,6.41586971282959,17.203550338745117,26.514387130737305,1.4652832746505737,11.720830917358398,-6.242125988006592,59.10179901123047,-37.68743133544922,26.140317916870117,121.893798828125,45.3611946105957,25.117570877075195,11.495039939880371,5.823394298553467,0.4323977828025818,-64.46500396728516,41.88193130493164,25.733936309814453,-123.50326538085938,-46.065189361572266
91.0,-7.497888088226318,13.733132362365723,-11.724212646484375,-6.243515491485596,19.576684951782227,-9.531827926635742,-11.499456405639648,5.158529281616211,8.863163948059082,19.210262298583984,6.336740493774414,18.68965721130371,23.469038009643555,2.9138355255126953,16.203941345214844,-7.180332183837891,54.698246002197266,-33.52252197265625,26.018856048583984,122.38348388671875,45.576473236083984,21.452733993530273,12.495450973510742,9.392986297607422,-1.4889318943023682,-70.4018783569336,42.782676696777344,25.79615020751953,-123.26207733154297,-45.96034240722656
92.0,-10.089231491088867,11.813368797302246,-9.463322639465332,-7.2576069831848145,16.776081085205078,-7.665706634521484,-12.118978500366211,4.614511013031006,8.396448135375977,22.547489166259766,6.18536901473999,17.735454559326172,27.023914337158203,2.1351287364959717,14.892963409423828,-8.219109535217285,59.32632064819336,-31.23324966430664,26.36962127685547,120.94786834716797,44.94272994995117,25.21977424621582,11.912805557250977,8.277392387390137,0.40063995122909546,-71.33910369873047,42.89712142944336,26.46817398071289,-120.53202056884766,-44.75770950317383
93.0,-8.441104888916016,14.116841316223145,-8.670671463012695,-6.437194347381592,19.52914047241211,-7.930324554443359,-12.078714370727539,4.740849494934082,8.111466407775879,21.65162467956543,5.372308254241943,17.216777801513672,26.387718200683594,2.030412435531616,15.932732582092285,-10.941048622131348,59.369529724121094,-29.869237899780273,26.39631462097168,120.83576202392578,44.89293670654297,24.401798248291016,11.776352882385254,9.428810119628906,-1.168289303779602,-75.85671997070312,41.554744720458984,26.168472290039062,-121.77926635742188,-45.310691833496094
94.0,-5.025763034820557,17.033018112182617,-8.784847259521484,-5.471350193023682,23.512794494628906,-8.525733947753906,-13.436453819274902,5.0488457679748535,5.451630592346191,21.380680084228516,2.498342990875244,17.700132369995117,24.703874588012695,2.3676440715789795,17.19706153869629,-14.412014961242676,58.20900344848633,-28.532848358154297,26.577537536621094,120.06353759765625,44.54850769042969,22.42402458190918,12.148070335388184,11.271323204040527,-5.729100227355957,-83.82884216308594,42.09737777709961,27.353593826293945,-116.49552917480469,-42.93015670776367
95.0,-6.215788841247559,13.42544174194336,-9.074787139892578,-6.3152666091918945,20.70563316345215,-8.378314971923828,-17.80133056640625,6.093713760375977,1.6373215913772583,28.54580307006836,-1.056028962135315,17.274852752685547,27.594873428344727,3.0146095752716064,16.00973892211914,-15.23511791229248,62.6297607421875,-29.291627883911133,27.067060470581055,117.86759185791016,43.55755615234375,25.257463455200195,13.408114433288574,12.10865306854248,-5.287847518920898,-82.05957794189453,43.60812759399414,27.655241012573242,-114.9677963256836,-42.22458267211914
96.0,-5.0304131507873535,13.074808120727539,-12.060523986816406,-5.983297348022461,21.7420597076416,-13.74657154083252,-4.5746612548828125,7.658120155334473,16.98470115661621,3.3015072345733643,12.049314498901367,18.35025978088379,18.616840362548828,3.1551923751831055,18.54313087463379,-9.989192008972168,61.04304122924805,-37.7630729675293,28.87672233581543,107.42798614501953,38.64975357055664,16.336713790893555,12.318062782287598,10.639012336730957,-6.230184078216553,-74.84557342529297,41.352603912353516,26.963476181030273,-118.34663391113281,-43.77508544921875
97.0,2.222277879714966,0.46407967805862427,-12.402772903442383,-6.386263370513916,11.91146183013916,-17.74957275390625,27.19540786743164,3.3856403827667236,46.01241683959961,-8.322175979614258,74.3055419921875,-12.40097427368164,5.779656887054443,-0.31066811084747314,5.908015727996826,-19.983247756958008,75.39997863769531,-50.22600555419922,25.99738311767578,57.530670166015625,14.444704055786133,4.888197898864746,10.613221168518066,3.434936285018921,-31.70693016052246,-67.96047973632812,29.876461029052734,24.679798126220703,-127.34741973876953,-47.702945709228516
98.0,-2.8456413745880127,2.125044584274292,-15.878887176513672,-5.724349498748779,15.237249374389648,-18.4927978515625,12.307308197021484,9.993253707885742,25.533462524414062,-15.96589183807373,33.79575729370117,6.864266872406006,13.229912757873535,3.7830920219421387,15.390832901000977,-10.143925666809082,67.85157012939453,-49.27009582519531,29.865100860595703,83.4098129272461,26.736818313598633,11.25578784942627,13.295748710632324,8.532787322998047,-10.669127464294434,-68.0219955444336,36.53577423095703,26.496862411499023,-120.4097900390625,-44.70318603515625
99.0,-0.1547529548406601,-13.22661018371582,-13.578631401062012,-10.256453514099121,-3.6699366569519043,-18.950197219848633,39.46382522583008,7.655416965484619,51.94611358642578,1.2110707759857178,90.35414123535156,-16.397672653198242,3.643592596054077,0.6129410266876221,3.987267255783081,-6.163637161254883,47.8702278137207,-46.8389892578125,9.035101890563965,15.96751594543457,1.269769549369812,3.0542917251586914,11.763601303100586,2.054166078567505,-32.232303619384766,-53.62274169921875,27.794889450073242,23.32998275756836,-131.7438507080078,-49.4922981262207
100.0,-1.0929975509643555,-19.07433319091797,-12.340043067932129,-13.00227165222168,-11.442464828491211,-17.773414611816406,52.64176559448242,7.795427322387695,57.7558479309082,12.181509971618652,107.61244201660156,-20.00243377685547,1.6605950593948364,0.004345224238932133,0.3712346851825714,8.336424827575684,-24.477685928344727,-50.87507629394531,11.493156433105469,20.594772338867188,2.094947338104248,1.4880430698394775,11.966912269592285,1.2760508060455322,-34.602210998535156,-49.05516815185547,27.030027389526367,23.464046478271484,-131.32861328125,-49.32741165161133
101.0,4.32751989364624,-10.637792587280273,-16.529197692871094,-6.872570514678955,3.1634175777435303,-22.652162551879883,44.738590240478516,11.701732635498047,54.05607604980469,-0.13391879200935364,100.04959106445312,-27.380859375,1.8749955892562866,0.2363032102584839,5.119112014770508,9.763477325439453,-66.27286529541016,-57.19770050048828,10.024170875549316,17.80618667602539,1.574187159538269,0.24101515114307404,12.981929779052734,9.434224128723145,-41.124427795410156,-58.677528381347656,30.023387908935547,23.179719924926758,-132.20433044433594,-49.67412567138672
102.0,6.957372665405273,-16.5460147857666,-15.560098648071289,-7.380065441131592,1.1210200786590576,-25.6729679107666,51.76590347290039,16.895795822143555,68.10985565185547,18.78325080871582,110.6461410522461,-28.980728149414062,4.129637718200684,-1.760380506515503,-1.2693288326263428,3.7705931663513184,-44.039085388183594,-49.03376388549805,12.275544166564941,22.112628936767578,2.407496690750122,1.650055170059204,14.526294708251953,18.487825393676758,-55.413726806640625,-55.606346130371094,31.468740463256836,21.297264099121094,-137.59225463867188,-51.714805603027344
103.0,-19.61298179626465,-49.520851135253906,-5.0366411209106445,-20.917701721191406,-58.36585998535156,-7.163477897644043,57.62565612792969,13.770403861999512,74.87696075439453,36.793060302734375,96.77469635009766,-2.8372905254364014,3.8304781913757324,-2.413296699523926,7.053289890289307,-9.461734771728516,39.15974426269531,-46.569580078125,17.014902114868164,31.965377807617188,4.906538963317871,2.28824782371521,9.356749534606934,7.845259666442871,-34.46058654785156,-24.004924774169922,27.367141723632812,25.52613067626953,-124.29615020751953,-46.408138275146484
104.0,-19.61298179626465,-49.520851135253906,-5.0366411209106445,-20.917701721191406,-58.36585998535156,-7.163477897644043,57.62565612792969,13.770403861999512,74.87696075439453,36.793060302734375,96.77469635009766,-2.8372905254364014,3.8304781913757324,-2.413296699523926,7.053289890289307,-9.461734771728516,39.15974426269531,-46.569580078125,17.014902114868164,31.965377807617188,4.906538963317871,2.28824782371521,9.356749534606934,7.845259666442871,-34.46058654785156,-24.004924774169922,27.367141723632812,25.52613067626953,-124.29615020751953,-46.408138275146484
105.0,-19.61298179626465,-49.520851135253906,-5.0366411209106445,-20.917701721191406,-58.36585998535156,-7.163477897644043,57.62565612792969,13.770403861999512,74.87696075439453,36.793060302734375,96.77469635009766,-2.8372905254364014,3.8304781913757324,-2.413296699523926,7.053289890289307,-9.461734771728516,39.15974426269531,-46.569580078125,17.014902114868164,31.965377807617188,4.906538963317871,2.28824782371521,9.356749534606934,7.845259666442871,-34.46058654785156,-24.004924774169922,27.367141723632812,25.52613067626953,-124.29615020751953,-46.408138275146484
106.0,-17.57624053955078,-47.91139221191406,-6.727203845977783,-18.301952362060547,-57.98306655883789,-7.270516395568848,63.23341369628906,13.448409080505371,67.96268463134766,30.062088012695312,105.04664611816406,-6.644547939300537,2.4653701782226562,-2.4603521823883057,8.04296875,-8.224717140197754,34.46322250366211,-46.00176239013672,17.531160354614258,33.12730407714844,5.251540184020996,0.9982920289039612,8.834318161010742,6.717575550079346,-34.613094329833984,-25.604684829711914,29.959880828857422,26.21484375,-121.58955383300781,-45.22697067260742
107.0,8.606363296508789,-19.154685974121094,-13.199485778808594,-6.954208850860596,-1.3134586811065674,-23.050861358642578,62.52272033691406,16.032472610473633,71.80338287353516,27.362211227416992,122.91352081298828,-28.55076026916504,5.427076816558838,-2.4958324432373047,-2.5655221939086914,0.969480574131012,-30.648889541625977,-46.34113693237305,10.199396133422852,18.135021209716797,1.6319360733032227,3.4077048301696777,13.676243782043457,16.747915267944336,-55.71268081665039,-58.62190246582031,36.98684310913086,22.01280403137207,-135.61996459960938,-50.98694610595703
108.0,5.285007953643799,-9.568532943725586,-13.365476608276367,-6.50126838684082,2.4288229942321777,-21.24993133544922,43.89137268066406,9.397400856018066,57.98472213745117,5.824565410614014,100.03912353515625,-25.666072845458984,3.796656847000122,-0.8229613900184631,3.1434295177459717,9.991134643554688,-87.89974212646484,-60.003135681152344,5.09869909286499,8.879587173461914,0.39615511894226074,2.504045248031616,12.06628704071045,8.278955459594727,-43.12743377685547,-63.09775161743164,32.826900482177734,22.672651290893555,-133.7218017578125,-50.26526641845703
109.0,0.9229232668876648,-9.1622314453125,-13.518586158752441,-10.653170585632324,-7.006312370300293,-19.218812942504883,40.76168441772461,9.149261474609375,50.95237350463867,-0.8872369527816772,92.36421966552734,-24.649866104125977,3.5806727409362793,0.04363357275724411,5.452877521514893,0.04511681944131851,-90.88286590576172,-67.6047592163086,2.934877634048462,5.08847713470459,0.13045473396778107,2.4430010318756104,11.712579727172852,5.660792350769043,-36.889137268066406,-56.72317123413086,33.27193069458008,26.145803451538086,-121.87158966064453,-45.351417541503906
110.0,0.8391866087913513,-14.173128128051758,-15.016915321350098,-11.827662467956543,-9.460430145263672,-19.703750610351562,51.52775955200195,7.903188705444336,50.07822036743164,1.9569659233093262,106.81553649902344,-27.286691665649414,2.927349328994751,0.20498064160346985,0.6927310228347778,5.848880767822266,-54.9567985534668,-61.365684509277344,14.54227066040039,26.664783477783203,3.4638965129852295,2.292811632156372,12.957225799560547,4.9868059158325195,-36.650352478027344,-53.158042907714844,32.81350326538086,24.219833374023438,-128.90283203125,-48.34675598144531
111.0,0.5770047307014465,-21.644990921020508,-15.286310195922852,-13.94456958770752,-14.320993423461914,-20.16964340209961,62.6204719543457,8.210100173950195,54.951229095458984,13.824453353881836,120.26150512695312,-26.1086368560791,2.7143828868865967,0.18659108877182007,-3.1262905597686768,6.210317611694336,-50.602989196777344,-55.84748458862305,20.110885620117188,39.30608367919922,7.247130393981934,2.5333054065704346,13.812678337097168,4.643204689025879,-38.1372184753418,-50.55951690673828,32.17473602294922,22.75824737548828,-133.46939086914062,-50.16780090332031
112.0,2.5793840885162354,-16.523330688476562,-15.876290321350098,-13.698765754699707,-14.597794532775879,-21.67120933532715,59.202667236328125,8.051055908203125,52.612674713134766,10.543574333190918,116.16268157958984,-32.12956237792969,1.8139616250991821,-0.633542001247406,-3.876898765563965,5.0234551429748535,-62.391483306884766,-58.99983596801758,18.073678970336914,34.37249755859375,5.632256984710693,1.2704285383224487,14.061917304992676,8.091443061828613,-41.039207458496094,-55.4570198059082,35.44317626953125,24.82231330871582,-126.851806640625,-47.49542999267578
113.0,1.6446380615234375,-18.649860382080078,-12.162993431091309,-13.268317222595215,-20.87457275390625,-17.689607620239258,62.722503662109375,4.75541877746582,54.97392272949219,17.525983810424805,119.50425720214844,-27.600385665893555,3.4184529781341553,-1.4779211282730103,-6.075422286987305,6.638565540313721,-37.16167449951172,-54.96180725097656,8.235342025756836,14.500375747680664,1.0494694709777832,3.709115505218506,12.596831321716309,3.716864824295044,-38.42209243774414,-56.78102111816406,38.45656967163086,25.691099166870117,-123.6681137084961,-46.1367073059082
114.0,4.012211799621582,-20.5340633392334,-5.07806396484375,-9.488839149475098,-15.021450996398926,-9.78663444519043,73.56575775146484,-3.812323808670044,63.4255485534668,33.333892822265625,133.89154052734375,-19.627073287963867,-1.5059080123901367,-3.9219532012939453,-13.769392967224121,16.381296157836914,-28.20661735534668,-30.83169937133789,24.34095001220703,51.50047302246094,11.877904891967773,0.4114294648170471,11.0419282913208,-0.7515406608581543,-35.57908630371094,-48.273345947265625,26.758115768432617,23.059284210205078,-132.5697021484375,-49.817596435546875
115.0,-6.639773368835449,55.75935745239258,-6.883701801300049,-4.65011739730835,67.1541519165039,-0.2852666676044464,-88.18016052246094,-8.828980445861816,-49.479915618896484,74.65464782714844,-115.47358703613281,-133.50863647460938,19.61505889892578,-7.5969438552856445,-6.392458915710449,-4.436443328857422,16.184223175048828,-4.55737829208374,23.47379493713379,131.2982635498047,49.31532669067383,16.310840606689453,11.415606498718262,26.910587310791016,-22.775033950805664,-140.98818969726562,60.489768981933594,23.47064208984375,-131.30796813964844,-49.319190979003906
116.0,-6.639773368835449,55.75935745239258,-6.883701801300049,-4.65011739730835,67.1541519165039,-0.2852666676044464,-88.18016052246094,-8.828980445861816,-49.479915618896484,74.65464782714844,-115.47358703613281,-133.50863647460938,19.61505889892578,-7.5969438552856445,-6.392458915710449,-4.436443328857422,16.184223175048828,-4.55737829208374,23.47379493713379,131.2982635498047,49.31532669067383,16.310840606689453,11.415606498718262,26.910587310791016,-22.775033950805664,-140.98818969726562,60.489768981933594,23.47064208984375,-131.30796813964844,-49.319190979003906
117.0,-39.63838195800781,89.27503204345703,-9.820418357849121,-7.811585903167725,65.19209289550781,-11.170886993408203,-15.223299980163574,-14.654935836791992,13.053754806518555,7.225236415863037,4.033735275268555,15.021411895751953,-18.71623992919922,-6.600470066070557,4.8168792724609375,87.77877044677734,156.90406799316406,153.66567993164062,28.29018211364746,111.3888168334961,40.54536437988281,-17.973194122314453,-0.28036409616470337,-18.924510955810547,37.71287536621094,-31.681657791137695,22.156600952148438,29.598966598510742,-79.33770751953125,-24.716650009155273
118.0,-39.63838195800781,89.27503204345703,-9.820418357849121,-7.811585903167725,65.19209289550781,-11.170886993408203,-15.223299980163574,-14.654935836791992,13.053754806518555,7.225236415863037,4.033735275268555,15.021411895751953,-18.71623992919922,-6.600470066070557,4.8168792724609375,87.77877044677734,156.90406799316406,153.66567993164062,28.29018211364746,111.3888168334961,40.54536437988281,-17.973194122314453,-0.28036409616470337,-18.924510955810547,37.71287536621094,-31.681657791137695,22.156600952148438,29.598966598510742,-79.33770751953125,-24.716650009155273
119.0,-39.63838195800781,89.27503204345703,-9.820418357849121,-7.811585903167725,65.19209289550781,-11.170886993408203,-15.223299980163574,-14.654935836791992,13.053754806518555,7.225236415863037,4.033735275268555,15.021411895751953,-18.71623992919922,-6.600470066070557,4.8168792724609375,87.77877044677734,156.90406799316406,153.66567993164062,28.29018211364746,111.3888168334961,40.54536437988281,-17.973194122314453,-0.28036409616470337,-18.924510955810547,37.71287536621094,-31.681657791137695,22.156600952148438,29.598966598510742,-79.33770751953125,-24.716650009155273
